0.0, 0.0 ,0.0 ,0.0, 32.803980025321096 ,100.0, 0.0 ,95.18670185408337 ,64.0811830785351 ,43.898122326497926 ,29.227639854986975 ,100.0 ,6.79497946034671 

389k 59331

27.677659549604805 ,10.27673861161983, 0.0, 2.851429822425616, 0.0, 81.26061604992258, 0.0, 67.09193210301252, 29.80956464498974, 55.760212040523115, 18.315662356945598, 81.9482882266074, 66.27818369046942 

1461k 77398

47.18097475996497, 0.3572614491421744, 0.0, 0.0, 0.0, 97.70170915126832, 0.0, 99.28837659193243, 6.831879103691815, 70.37221900608922, 29.845897337601585, 100.0, 28.088191919051685 

597k 64502

45.17673779153399, 7.435585335263212, 0.0, 0.05856171722233072, 0.0, 96.69477856561832, 0.0, 100.0, 10.837776053994212 ,73.53720674776741, 36.702554739531735, 100.0, 22.01556467340835 

306k 122659

39.87226246992793, 0.2822313301577022, 0.0, 0.0, 0.0, 90.41644192059289, 0.0, 100.0, 29.025892632632264, 57.261460721109174, 26.175997125047157, 100.0, 4.939800183261108 

754k 520406

48.3207089718833, 0.0, 0.0, 0.0, 16.220376733163885, 100.0, 0.0, 66.51224439161359, 43.8386646431613, 47.17707407244818 ,25.94890467420341, 93.95424596178776, 90.21323150386965 

557k 15568

53.79219092679309, 0.0, 0.0 ,0.0, 17.30184510876141, 100.0, 0.0 ,60.2901499983777, 34.93333249357024, 51.530629992468235, 20.337935421377313, 94.53506733417734, 90.0277250359209 ,

285k 19867

47.80915411178018, 0.0, 0.5997069628842999, 0.2849920536759938, 15.89421254171421, 100.0, 0.4638732777824888, 69.94817856570987, 43.316797693695314, 42.575277770302705, 25.538584528364847, 94.12710031534812, 83.28142161236687 
428k 28560

58.912809904494324, 0.0, 0.31403775562943975, 1.3580772272231452, 14.987648344779851, 97.40010722018096, 0.2238928871419224, 72.2956798023515, 43.969592318687155, 44.01371135773606, 25.64396612944828, 86.53687675629048, 88.44109531383216 
351k 46679

