maxScore: 61
7.007711214001455 45.08307970662525 54.478365869380774 53.67523327915031 13.937249270693785 33.32173257875877 90.84889958015285 98.66991287517229 76.38507460755096 8.559301930548946 71.00062820404528 25.260080961566977 51.62006355764879 17.941803990881013 9.32593505463154 
maxScore: 81
11.395511239105682 33.711095035610064 3.5392783843282705 2.3224773924167885 66.53245201880912 57.033034366340765 13.817294870161223 77.36421855602555 14.595062714985119 58.405101857784814 19.706262132718155 95.58964249039373 49.10388445312336 86.57639650545426 4.203428073178584 
maxScore: 146
63.42751188854745 98.36986728079924 31.29393807899471 73.67665166687762 57.83593880886202 43.34313529948696 6.5516958454367895 84.69634435878724 29.053237990753665 60.74024978127465 15.482587278917205 29.023148650189235 55.547147213092664 97.59771859147746 23.463667979963322 
maxScore: 155
24.6532534787854 91.17064908743768 43.40784463638702 64.96128102050362 58.43652200163299 80.46137797594953 52.4036580398712 23.88952578898116 19.806259096938284 84.87160477365116 43.58279016343797 57.79733900770536 91.37367843471318 86.81795180505691 62.18257450615721 
maxScore: 268
62.82168523912921 88.89229596031761 44.58205681019489 4.780214549823992 55.90810151877636 40.09069965982791 24.136681447185072 14.733678169177367 29.340311546902807 48.502299837292185 42.22488563024023 11.430147833234694 83.72437360196687 93.4759579653398 64.23940396645268 
maxScore: 336
50.95921907831755 37.367076567442034 0.5172879062814273 36.04508070467393 80.581807204226 10.758666041057651 65.09246121677324 98.38682743401145 14.833166596712344 30.73007489600864 7.088575892985316 53.31051618062253 76.72722233241137 92.99766062084235 49.74702512021519 
maxScore: 4536
5.5224903355523765 81.2759127800218 1.921264374122511 47.65899738609457 69.08136444137317 81.36406516624142 4.39671807853268 19.694696615569395 53.10273167079331 31.56920266544646 9.764051159252718 5.639145070184048 94.57818370472094 44.562725585748694 29.241622905762643 
maxScore: 8469
68.68966484192772 77.88487580975652 15.435695908002101 28.023185294942408 89.11061592470018 82.50643124209344 12.796416244525133 95.23189685944479 35.720752522063215 88.30557490595412 4.875367742819914 8.7069406723427 99.89564944920652 22.75329318838597 25.665187691691138 
maxScore: 25651
2.6728618884434563 85.78470376146579 10.206674182613074 3.9178766906121876 13.588521691276167 97.56859232906487 13.438088974179664 77.39855674028775 0.10137743901148522 47.156873586389445 17.697727911099616 1.2920916532961235 92.23292502424708 5.552399059663937 44.97638930549061 
maxScore: 32230
89.36802265116613 61.912845365408764 0.4709723480674888 2.392093198542178 34.22386144236908 72.29098314035285 13.222382974906022 62.46780561425028 7.179382859504413 62.32177993098424 6.385660644158209 12.330950818694319 81.83142007510997 29.078442287408222 23.753881247550012 
maxScore: 53678
6.054555504560977 94.29334653585894 8.440206525325944 14.803963871351444 28.79432283583845 73.93122162197598 5.307211137482826 80.8059609676755 21.462744237636 14.864933814958626 57.22650220682186 28.028001262952063 94.22984937267246 67.86317594019357 50.39082747078653 
maxScore: 89376
51.999827251652796 99.64872785741233 4.801912712011747 7.9525462377050165 4.309890003892103 84.27687221801902 0.7748437411582043 94.43455017223947 68.49828904025598 28.409075484870904 41.471456904056026 33.543333431977175 83.05471744396145 86.56748348568038 58.821670909274474 
maxScore: 125917
60.15744322680021 92.86530078004456 3.267715353398104 12.957828755973978 19.325022876686415 78.79498609965023 3.788630316100128 88.80650151910501 3.5121616468648753 11.865974343294106 37.42219976556821 20.571559961370912 94.02876673494802 28.342566730070118 20.20755878020274 
maxScore: 169730
19.920404747923783 98.27051842347237 11.520814918346655 25.99432721684617 31.303417413226807 74.4703257977284 0.25964951647445833 89.66564648780049 3.5979603588412123 29.116451426343804 15.894437168623964 13.13468778510325 71.58801275772801 66.24509601029295 20.955986658062685 
maxScore: 189797
3.987284176011996 45.91464035328537 13.861821131687135 4.272458325184703 14.713836178299665 73.77883539503138 9.960337331523483 89.02417311161147 8.227498230976781 14.75972010287826 28.425323513977986 11.894929705187373 91.8986802695463 83.84140169176415 35.05685024159882 
maxScore: 267526
33.983554768829116 94.54129374756985 0.9789200577490109 0.22452800918715266 4.272647190926038 79.66011826393306 0.08840714334147348 72.16088509284174 10.906004140583903 0.520749705522594 52.24298368497634 21.99892704075015 88.15440234711022 9.972524928056792 89.88624704100816 
maxScore: 338700
25.344601553521862 99.16264473488935 1.7414532251306625 5.681963978409421 62.826771802732615 98.59002663316068 11.664104902353934 18.38481720105083 22.59613106027264 19.038101872980196 27.003788030269536 17.423791816863044 83.43409425648014 57.210208756717776 40.920381581919266









maxScore: 421007
38.580953709970466 82.90256549645274 10.82549017874317 1.3640902035286673 15.36731132810788 9.913525492108267 2.9448196640016633 83.59779520037985 23.429198158945187 13.504328324499514 22.830167595537866 2.70737785188222 76.74301678045357 37.53685494708904 92.69233781092603 











maxScore: 104969
22.349423661285712 42.65794363423053 4.081594736979816 3.9993660615460835 25.7021402251498 19.2645539476465 1.3403533808031942 42.47724642055625 5.589361383422148 34.86287148399212 4.106730721100449 4.4366805050258975 47.32559111038254 33.539238247343164 29.771135290721528 
maxScore: 120776
27.18578238985393 97.87432191277409 14.379291656229087 38.20799434949329 28.420618365375717 74.00479227860335 12.997923903220654 53.80259366908887 41.08527007683163 26.629716804049618 9.431831571776417 3.193159252074673 88.59132509587664 41.153117140686014 47.310735306764684 
maxScore: 137281
54.20108213779984 0.7517170280701868 17.733922766012146 1.371214065647941 0.16595229014711999 98.07373518214672 8.826486291003132 60.563369073486264 26.377970822859464 28.11885709066332 7.034914427953288 7.05629041791388 87.1213884817551 14.877932103930757 23.53010277558143 
maxScore: 171411
13.006590217678449 53.84442103640084 8.760247331470318 8.171085222195796 6.047125561001776 67.26199114190645 16.30865797958426 55.77583772415434 44.99765971178293 16.876451138681535 14.450715682665983 8.331156336588775 93.20510050320799 82.71270686618118 45.65150719917593











maxScore: 112219
30.386566058039087 129.51367622322735 57.08102790276559 27.19927473447359 61.68037792066497 133.1240451428379 13.008924912445764 81.03263513153726 4.413077489086836 92.3227102520287 13.656526716764962 7.144218773372146 189.87802443993286 6.294351482877958 129.86821976273495 
maxScore: 137660
12.993449647299315 47.25590142579921 9.816892751406069 32.9701574027687 9.431570267244505 172.302010759494 13.092587008207325 110.21608356944381 23.948091060629718 24.576539482826433 46.17359488815709 7.8299904480876314 180.39514495861656 177.16248566742556 171.39045006281307 
maxScore: 147835
5.190335655795786 195.56354113129873 5.264694483149213 6.688672653629135 92.12489053959581 183.84887759159378 38.049869209421885 164.9229957010624 19.956928864066725 191.58896286640237 5.191265943352175 2.240476466681418 160.0755446464688 98.96060416239627 188.82291841181086 
maxScore: 217655
8.935138530300657 109.73340287999444 21.759046758428724 14.588174596294422 20.32112265532715 85.41839636240172 3.010470083887329 178.53586602270715 78.79451032139461 8.151231205978405 45.4244624615608 62.02471397867628 193.5328769624833 188.1696685054464 85.3006872739857 

